(10000, 128)
[[  3.   9.  17. ...  15.  12.  27.]
 [  1.   2.   8. ...   0.   0.  10.]
 [141.  40.   0. ...   8.   7.  30.]
 ...
 [ 37.  24.   5. ...  50.   8.   0.]
 [ 12.   0.   2. ...   6.   1.   3.]
 [ 14.  11.  13. ...  39.  16.   0.]]
(100000000, 128)
construction time: 1401030.962 ms.
[[70382. 71052. 72218. ... 75477. 75511. 75573.]
 [23341. 29344. 29353. ... 33593. 34115. 34255.]
 [40313. 40906. 41633. ... 42795. 43174. 43286.]
 ...
 [56156. 56339. 57998. ... 61871. 62441. 62771.]
 [51535. 52460. 52912. ... 55564. 55622. 55726.]
 [41949. 45454. 46418. ... 51105. 51954. 52457.]]
[[61457390 60066306 96631205 ... 44028236 62900439 32716403]
 [23668085 44060661 33176630 ... 55986800 31792502 55956248]
 [17091985 84872839 67818653 ... 18417746 17844338 27633542]
 ...
 [32872653 46354463 27886876 ... 75485983 12526579 83923402]
 [49670008 74291030 40729968 ... 50464424 13122557 61337205]
 [ 7681219 23496503 56527943 ...  4199934 15185537  7703493]]
search time: 7141.298 ms.
file writing time: 3332016.728 ms.
